              precision    recall  f1-score   support

         ADJ       0.79      0.61      0.69       266
         ADP       0.77      0.63      0.69       357
         ADV       0.68      0.52      0.59       228
         AUX       0.00      0.00      0.00         0
       CCONJ       0.00      0.00      0.00         0
        CONJ       0.00      0.00      0.00       109
         DET       0.91      0.32      0.48       482
        INTJ       0.00      0.00      0.00         0
        NOUN       0.67      0.65      0.66      1094
         NUM       0.50      0.29      0.36        28
        PART       0.01      0.01      0.01        68
        PRON       0.81      0.64      0.72       623
       PROPN       0.00      0.00      0.00         0
       PUNCT       0.69      1.00      0.82       521
       SCONJ       0.00      0.00      0.00         0
         SYM       0.00      0.00      0.00         0
        VERB       0.88      0.64      0.74       853
           X       0.13      0.15      0.14       383

    accuracy                           0.58      5012
   macro avg       0.38      0.30      0.33      5012
weighted avg       0.70      0.58      0.61      5012

