[[[4704   42]
  [ 104  162]]

 [[4588   67]
  [ 132  225]]

 [[4729   55]
  [ 109  119]]

 [[4838  174]
  [   0    0]]

 [[4945   67]
  [   0    0]]

 [[4903    0]
  [ 109    0]]

 [[4515   15]
  [ 327  155]]

 [[4746  266]
  [   0    0]]

 [[3567  351]
  [ 388  706]]

 [[4976    8]
  [  20    8]]

 [[4874   70]
  [  67    1]]

 [[4296   93]
  [ 222  401]]

 [[4867  145]
  [   0    0]]

 [[4261  230]
  [   1  520]]

 [[4942   70]
  [   0    0]]

 [[5000   12]
  [   0    0]]

 [[4087   72]
  [ 311  542]]

 [[4249  380]
  [ 327   56]]]
