              precision    recall  f1-score   support

         ADJ       0.58      0.60      0.59       228
         ADP       0.77      0.73      0.75       389
         ADV       0.68      0.73      0.71       191
         AUX       0.00      0.00      0.00         0
       CCONJ       0.00      0.00      0.00         0
        CONJ       0.00      0.00      0.00       227
         DET       0.91      0.65      0.76       501
        INTJ       0.00      0.00      0.00         0
        NOUN       0.80      0.75      0.78       889
         NUM       0.40      0.15      0.22        26
        PART       0.00      0.00      0.00        92
        PRON       0.73      0.81      0.77       694
       PROPN       0.00      0.00      0.00         0
       PUNCT       0.94      1.00      0.97       249
       SCONJ       0.00      0.00      0.00         0
         SYM       0.00      0.00      0.00         0
        VERB       0.85      0.65      0.74       961
           X       0.08      0.02      0.03        50

    accuracy                           0.67      4497
   macro avg       0.37      0.34      0.35      4497
weighted avg       0.73      0.67      0.69      4497

