[[[4170   99]
  [  92  136]]

 [[4021   87]
  [ 105  284]]

 [[4241   65]
  [  51  140]]

 [[4334  163]
  [   0    0]]

 [[4337  160]
  [   0    0]]

 [[4270    0]
  [ 227    0]]

 [[3964   32]
  [ 175  326]]

 [[4453   44]
  [   0    0]]

 [[3445  163]
  [ 222  667]]

 [[4465    6]
  [  22    4]]

 [[4316   89]
  [  92    0]]

 [[3596  207]
  [ 129  565]]

 [[4345  152]
  [   0    0]]

 [[4231   17]
  [   0  249]]

 [[4437   60]
  [   0    0]]

 [[4462   35]
  [   0    0]]

 [[3427  109]
  [ 335  626]]

 [[4436   11]
  [  49    1]]]
