[[[4178   91]
  [ 128  100]]

 [[4008  100]
  [ 103  286]]

 [[4240   66]
  [  52  139]]

 [[4350  147]
  [   0    0]]

 [[4337  160]
  [   0    0]]

 [[4270    0]
  [ 227    0]]

 [[3969   27]
  [ 194  307]]

 [[4442   55]
  [   0    0]]

 [[3381  227]
  [ 117  772]]

 [[4467    4]
  [  24    2]]

 [[4334   71]
  [  92    0]]

 [[3614  189]
  [ 132  562]]

 [[4485   12]
  [   0    0]]

 [[4220   28]
  [   0  249]]

 [[4438   59]
  [   0    0]]

 [[4491    6]
  [   0    0]]

 [[3409  127]
  [ 265  696]]

 [[4434   13]
  [  48    2]]]
