              precision    recall  f1-score   support

         ADJ       0.73      0.67      0.70       228
         ADP       0.77      0.88      0.82       389
         ADV       0.74      0.79      0.76       191
         AUX       0.00      0.00      0.00         0
       CCONJ       0.00      0.00      0.00         0
        CONJ       1.00      0.70      0.82       227
         DET       0.95      0.90      0.93       501
        NOUN       0.87      0.91      0.89       889
         NUM       0.47      0.31      0.37        26
        PART       0.19      0.48      0.27        92
        PRON       0.94      0.79      0.86       694
       PUNCT       0.94      1.00      0.97       249
       SCONJ       0.00      0.00      0.00         0
        VERB       0.92      0.92      0.92       961
           X       0.22      0.04      0.07        50

    accuracy                           0.85      4497
   macro avg       0.58      0.56      0.56      4497
weighted avg       0.87      0.85      0.85      4497

