              precision    recall  f1-score   support

         ADJ       0.50      0.00      0.01       228
         ADP       0.00      0.00      0.00       389
         ADV       1.00      0.01      0.01       191
        CONJ       0.00      0.00      0.00       227
         DET       0.00      0.00      0.00       501
        NOUN       0.15      0.01      0.03       889
         NUM       0.01      0.92      0.01        26
        PART       0.00      0.00      0.00        92
        PRON       0.00      0.00      0.00       694
       PUNCT       0.00      0.00      0.00       249
         SYM       0.00      0.00      0.00         0
        VERB       0.00      0.00      0.00       961
           X       1.00      0.04      0.08        50

    accuracy                           0.01      4497
   macro avg       0.20      0.08      0.01      4497
weighted avg       0.11      0.01      0.01      4497

