              precision    recall  f1-score   support

         ADJ       0.71      0.57      0.63       228
         ADP       0.74      0.96      0.84       389
         ADV       0.78      0.78      0.78       191
         AUX       0.00      0.00      0.00         0
        CONJ       1.00      0.70      0.82       227
         DET       0.96      0.91      0.93       501
        INTJ       0.00      0.00      0.00         0
        NOUN       0.75      0.90      0.82       889
         NUM       0.31      0.15      0.21        26
        PART       0.19      0.13      0.15        92
        PRON       0.91      0.82      0.86       694
       PROPN       0.00      0.00      0.00         0
       PUNCT       0.90      1.00      0.94       249
       SCONJ       0.00      0.00      0.00         0
         SYM       0.00      0.00      0.00         0
        VERB       0.91      0.86      0.88       961
           X       0.44      0.08      0.14        50

    accuracy                           0.83      4497
   macro avg       0.51      0.46      0.47      4497
weighted avg       0.83      0.83      0.83      4497

