[[[4216   53]
  [  99  129]]

 [[3978  130]
  [  15  374]]

 [[4265   41]
  [  42  149]]

 [[4494    3]
  [   0    0]]

 [[4270    0]
  [  68  159]]

 [[3975   21]
  [  45  456]]

 [[4495    2]
  [   0    0]]

 [[3343  265]
  [  85  804]]

 [[4462    9]
  [  22    4]]

 [[4353   52]
  [  80   12]]

 [[3750   53]
  [ 126  568]]

 [[4482   15]
  [   0    0]]

 [[4219   29]
  [   0  249]]

 [[4495    2]
  [   0    0]]

 [[4496    1]
  [   0    0]]

 [[3451   85]
  [ 138  823]]

 [[4442    5]
  [  46    4]]]
