              precision    recall  f1-score   support

         ADJ       0.76      0.66      0.70       266
         ADP       0.75      0.92      0.83       357
         ADV       0.80      0.66      0.72       228
         AUX       0.00      0.00      0.00         0
       CCONJ       0.00      0.00      0.00         0
        CONJ       0.93      0.63      0.75       109
         DET       0.88      0.73      0.80       482
        INTJ       0.00      0.00      0.00         0
        NOUN       0.71      0.68      0.70      1094
         NUM       0.65      0.39      0.49        28
        PART       0.03      0.04      0.04        68
        PRON       0.84      0.79      0.82       623
       PROPN       0.00      0.00      0.00         0
       PUNCT       0.94      0.99      0.96       521
         SYM       0.00      0.00      0.00         0
        VERB       0.89      0.83      0.86       853
           X       0.24      0.17      0.20       383

    accuracy                           0.72      5012
   macro avg       0.50      0.44      0.46      5012
weighted avg       0.77      0.72      0.74      5012

