[[[4690   56]
  [  91  175]]

 [[4543  112]
  [  27  330]]

 [[4746   38]
  [  77  151]]

 [[5008    4]
  [   0    0]]

 [[5011    1]
  [   0    0]]

 [[4898    5]
  [  40   69]]

 [[4482   48]
  [ 128  354]]

 [[5007    5]
  [   0    0]]

 [[3616  302]
  [ 345  749]]

 [[4978    6]
  [  17   11]]

 [[4846   98]
  [  65    3]]

 [[4295   94]
  [ 129  494]]

 [[4927   85]
  [   0    0]]

 [[4457   34]
  [   6  515]]

 [[4809  203]
  [   0    0]]

 [[4070   89]
  [ 143  710]]

 [[4424  205]
  [ 317   66]]]
