              precision    recall  f1-score   support

         ADJ       0.76      0.69      0.72       228
         ADP       0.77      0.70      0.73       389
         ADV       0.54      0.55      0.54       191
         AUX       0.00      0.00      0.00         0
       CCONJ       0.00      0.00      0.00         0
        CONJ       0.00      0.00      0.00       227
         DET       0.95      0.65      0.77       501
        INTJ       0.00      0.00      0.00         0
        NOUN       0.85      0.90      0.87       889
         NUM       0.65      0.42      0.51        26
        PART       0.00      0.00      0.00        92
        PRON       0.78      0.85      0.81       694
       PROPN       0.00      0.00      0.00         0
       PUNCT       0.97      1.00      0.99       249
       SCONJ       0.00      0.00      0.00         0
        VERB       0.92      0.72      0.81       961
           X       0.33      0.10      0.15        50

    accuracy                           0.71      4497
   macro avg       0.44      0.39      0.41      4497
weighted avg       0.78      0.71      0.74      4497

