[[[4218   51]
  [  70  158]]

 [[4025   83]
  [ 115  274]]

 [[4216   90]
  [  86  105]]

 [[4312  185]
  [   0    0]]

 [[4337  160]
  [   0    0]]

 [[4270    0]
  [ 227    0]]

 [[3980   16]
  [ 177  324]]

 [[4410   87]
  [   0    0]]

 [[3469  139]
  [  91  798]]

 [[4465    6]
  [  15   11]]

 [[4328   77]
  [  92    0]]

 [[3633  170]
  [ 107  587]]

 [[4458   39]
  [   0    0]]

 [[4241    7]
  [   0  249]]

 [[4378  119]
  [   0    0]]

 [[3479   57]
  [ 271  690]]

 [[4437   10]
  [  45    5]]]
