              precision    recall  f1-score   support

         ADJ       0.73      0.62      0.67       266
         ADP       0.76      0.91      0.83       357
         ADV       0.61      0.69      0.65       228
         AUX       0.00      0.00      0.00         0
       CCONJ       0.00      0.00      0.00         0
        CONJ       0.92      0.52      0.67       109
         DET       0.90      0.69      0.78       482
        INTJ       0.00      0.00      0.00         0
        NOUN       0.75      0.81      0.78      1094
         NUM       0.77      0.96      0.86        28
        PART       0.09      0.21      0.12        68
        PRON       0.87      0.73      0.79       623
       PROPN       0.00      0.00      0.00         0
       PUNCT       0.97      0.99      0.98       521
       SCONJ       0.00      0.00      0.00         0
         SYM       0.00      0.00      0.00         0
        VERB       0.86      0.84      0.85       853
           X       0.15      0.05      0.07       383

    accuracy                           0.73      5012
   macro avg       0.47      0.45      0.45      5012
weighted avg       0.76      0.73      0.74      5012

