[[[4685   61]
  [ 101  165]]

 [[4555  100]
  [  33  324]]

 [[4685   99]
  [  71  157]]

 [[4984   28]
  [   0    0]]

 [[4998   14]
  [   0    0]]

 [[4898    5]
  [  52   57]]

 [[4493   37]
  [ 148  334]]

 [[5003    9]
  [   0    0]]

 [[3618  300]
  [ 211  883]]

 [[4976    8]
  [   1   27]]

 [[4802  142]
  [  54   14]]

 [[4321   68]
  [ 171  452]]

 [[5003    9]
  [   0    0]]

 [[4474   17]
  [   6  515]]

 [[5009    3]
  [   0    0]]

 [[4791  221]
  [   0    0]]

 [[4042  117]
  [ 136  717]]

 [[4519  110]
  [ 364   19]]]
