              precision    recall  f1-score   support

         ADJ       0.54      0.51      0.53       266
         ADP       0.75      0.72      0.74       357
         ADV       0.67      0.61      0.64       228
         AUX       0.00      0.00      0.00         0
       CCONJ       0.00      0.00      0.00         0
        CONJ       0.00      0.00      0.00       109
         DET       0.85      0.37      0.52       482
        INTJ       0.00      0.00      0.00         0
        NOUN       0.57      0.62      0.59      1094
         NUM       0.47      0.29      0.36        28
        PART       0.03      0.03      0.03        68
        PRON       0.79      0.67      0.73       623
       PROPN       0.00      0.00      0.00         0
       PUNCT       0.91      0.99      0.95       521
       SCONJ       0.00      0.00      0.00         0
         SYM       0.00      0.00      0.00         0
        VERB       0.76      0.66      0.70       853
           X       0.13      0.02      0.03       383

    accuracy                           0.58      5012
   macro avg       0.36      0.30      0.32      5012
weighted avg       0.65      0.58      0.60      5012

