[[[4633  113]
  [ 131  135]]

 [[4571   84]
  [ 100  257]]

 [[4714   70]
  [  89  139]]

 [[4869  143]
  [   0    0]]

 [[4936   76]
  [   0    0]]

 [[4903    0]
  [ 109    0]]

 [[4499   31]
  [ 303  179]]

 [[4919   93]
  [   0    0]]

 [[3402  516]
  [ 415  679]]

 [[4975    9]
  [  20    8]]

 [[4876   68]
  [  66    2]]

 [[4280  109]
  [ 206  417]]

 [[4767  245]
  [   0    0]]

 [[4439   52]
  [   5  516]]

 [[4969   43]
  [   0    0]]

 [[4777  235]
  [   0    0]]

 [[3976  183]
  [ 289  564]]

 [[4589   40]
  [ 377    6]]]
