              precision    recall  f1-score   support

         ADJ       0.70      0.71      0.71       228
         ADP       0.77      0.77      0.77       389
         ADV       0.72      0.77      0.75       191
         AUX       0.00      0.00      0.00         0
       CCONJ       0.00      0.00      0.00         0
        CONJ       0.00      0.00      0.00       227
         DET       0.94      0.65      0.77       501
        INTJ       0.00      0.00      0.00         0
        NOUN       0.88      0.82      0.85       889
         NUM       0.59      0.73      0.66        26
        PART       0.00      0.00      0.00        92
        PRON       0.77      0.84      0.80       694
       PROPN       0.00      0.00      0.00         0
       PUNCT       0.96      1.00      0.98       249
       SCONJ       0.00      0.00      0.00         0
         SYM       0.00      0.00      0.00         0
        VERB       0.84      0.70      0.77       961
           X       0.00      0.00      0.00        50

    accuracy                           0.71      4497
   macro avg       0.40      0.39      0.39      4497
weighted avg       0.77      0.71      0.73      4497

