[[[4200   69]
  [  66  162]]

 [[4020   88]
  [  89  300]]

 [[4248   58]
  [  43  148]]

 [[4306  191]
  [   0    0]]

 [[4338  159]
  [   0    0]]

 [[4270    0]
  [ 227    0]]

 [[3976   20]
  [ 176  325]]

 [[4459   38]
  [   0    0]]

 [[3509   99]
  [ 160  729]]

 [[4458   13]
  [   7   19]]

 [[4336   69]
  [  92    0]]

 [[3628  175]
  [ 110  584]]

 [[4391  106]
  [   0    0]]

 [[4237   11]
  [   0  249]]

 [[4431   66]
  [   0    0]]

 [[4486   11]
  [   0    0]]

 [[3410  126]
  [ 284  677]]

 [[4442    5]
  [  50    0]]]
