              precision    recall  f1-score   support

         ADJ       0.81      0.74      0.77       266
         ADP       0.80      0.75      0.77       357
         ADV       0.72      0.66      0.69       228
         AUX       0.00      0.00      0.00         0
       CCONJ       0.00      0.00      0.00         0
        CONJ       0.00      0.00      0.00       109
         DET       0.85      0.68      0.75       482
        INTJ       0.00      0.00      0.00         0
        NOUN       0.84      0.64      0.72      1094
         NUM       0.79      0.54      0.64        28
        PART       0.02      0.01      0.02        68
        PRON       0.82      0.82      0.82       623
       PROPN       0.00      0.00      0.00         0
       PUNCT       0.88      1.00      0.94       521
       SCONJ       0.00      0.00      0.00         0
         SYM       0.00      0.00      0.00         0
        VERB       0.88      0.72      0.79       853
           X       0.67      0.09      0.16       383

    accuracy                           0.67      5012
   macro avg       0.45      0.37      0.39      5012
weighted avg       0.80      0.67      0.71      5012

