[[[4700   46]
  [  70  196]]

 [[4589   66]
  [  91  266]]

 [[4724   60]
  [  77  151]]

 [[4838  174]
  [   0    0]]

 [[4935   77]
  [   0    0]]

 [[4903    0]
  [ 109    0]]

 [[4472   58]
  [ 156  326]]

 [[4922   90]
  [   0    0]]

 [[3783  135]
  [ 399  695]]

 [[4980    4]
  [  13   15]]

 [[4887   57]
  [  67    1]]

 [[4280  109]
  [ 110  513]]

 [[4599  413]
  [   0    0]]

 [[4422   69]
  [   1  520]]

 [[4954   58]
  [   0    0]]

 [[4855  157]
  [   0    0]]

 [[4073   86]
  [ 237  616]]

 [[4611   18]
  [ 347   36]]]
