              precision    recall  f1-score   support

         ADJ       0.70      0.65      0.68       266
         ADP       0.80      0.69      0.74       357
         ADV       0.71      0.64      0.67       228
         AUX       0.00      0.00      0.00         0
       CCONJ       0.00      0.00      0.00         0
        CONJ       0.00      0.00      0.00       109
         DET       0.77      0.62      0.69       482
        INTJ       0.00      0.00      0.00         0
        NOUN       0.70      0.57      0.63      1094
         NUM       0.67      0.29      0.40        28
        PART       0.03      0.03      0.03        68
        PRON       0.79      0.75      0.77       623
       PROPN       0.00      0.00      0.00         0
       PUNCT       0.95      0.98      0.96       521
       SCONJ       0.00      0.00      0.00         0
         SYM       0.00      0.00      0.00         0
        VERB       0.81      0.65      0.72       853
           X       0.14      0.02      0.04       383

    accuracy                           0.61      5012
   macro avg       0.39      0.33      0.35      5012
weighted avg       0.70      0.61      0.65      5012

