[[[4673   73]
  [  92  174]]

 [[4594   61]
  [ 109  248]]

 [[4725   59]
  [  82  146]]

 [[4875  137]
  [   0    0]]

 [[4942   70]
  [   0    0]]

 [[4903    0]
  [ 109    0]]

 [[4443   87]
  [ 184  298]]

 [[4929   83]
  [   0    0]]

 [[3654  264]
  [ 474  620]]

 [[4980    4]
  [  20    8]]

 [[4870   74]
  [  66    2]]

 [[4269  120]
  [ 158  465]]

 [[4612  400]
  [   0    0]]

 [[4463   28]
  [  10  511]]

 [[4959   53]
  [   0    0]]

 [[4725  287]
  [   0    0]]

 [[4031  128]
  [ 298  555]]

 [[4580   49]
  [ 375    8]]]
