              precision    recall  f1-score   support

         ADJ       0.00      0.00      0.00       266
         ADP       0.00      0.00      0.00       357
         ADV       0.00      0.00      0.00       228
        CONJ       0.00      0.00      0.00       109
         DET       0.00      0.00      0.00       482
        INTJ       0.00      0.00      0.00         0
        NOUN       0.40      0.02      0.04      1094
         NUM       0.00      0.32      0.00        28
        PART       0.00      0.00      0.00        68
        PRON       0.00      0.00      0.00       623
       PROPN       0.00      0.00      0.00         0
       PUNCT       0.71      0.01      0.02       521
         SYM       0.00      0.00      0.00         0
        VERB       1.00      0.00      0.00       853
           X       0.00      0.00      0.00       383

    accuracy                           0.01      5012
   macro avg       0.14      0.02      0.00      5012
weighted avg       0.33      0.01      0.01      5012

