              precision    recall  f1-score   support

         ADJ       0.72      0.50      0.59       228
         ADP       0.78      0.91      0.84       389
         ADV       0.75      0.77      0.76       191
         AUX       0.00      0.00      0.00         0
       CCONJ       0.00      0.00      0.00         0
        CONJ       1.00      0.59      0.75       227
         DET       0.95      0.88      0.91       501
        INTJ       0.00      0.00      0.00         0
        NOUN       0.80      0.91      0.85       889
         NUM       0.45      0.58      0.51        26
        PART       0.20      0.43      0.27        92
        PRON       0.91      0.78      0.84       694
       PROPN       0.00      0.00      0.00         0
       PUNCT       0.95      1.00      0.97       249
       SCONJ       0.00      0.00      0.00         0
        VERB       0.93      0.88      0.90       961
           X       0.27      0.14      0.18        50

    accuracy                           0.82      4497
   macro avg       0.51      0.49      0.49      4497
weighted avg       0.85      0.82      0.83      4497

