[[[4224   45]
  [ 114  114]]

 [[4007  101]
  [  36  353]]

 [[4258   48]
  [  44  147]]

 [[4472   25]
  [   0    0]]

 [[4473   24]
  [   0    0]]

 [[4270    0]
  [  92  135]]

 [[3972   24]
  [  62  439]]

 [[4495    2]
  [   0    0]]

 [[3410  198]
  [  83  806]]

 [[4453   18]
  [  11   15]]

 [[4241  164]
  [  52   40]]

 [[3751   52]
  [ 152  542]]

 [[4496    1]
  [   0    0]]

 [[4235   13]
  [   0  249]]

 [[4492    5]
  [   0    0]]

 [[3471   65]
  [ 115  846]]

 [[4428   19]
  [  43    7]]]
