              precision    recall  f1-score   support

         ADJ       0.52      0.44      0.48       228
         ADP       0.74      0.74      0.74       389
         ADV       0.68      0.73      0.70       191
         AUX       0.00      0.00      0.00         0
       CCONJ       0.00      0.00      0.00         0
        CONJ       0.00      0.00      0.00       227
         DET       0.92      0.61      0.74       501
        INTJ       0.00      0.00      0.00         0
        NOUN       0.77      0.87      0.82       889
         NUM       0.33      0.08      0.12        26
        PART       0.00      0.00      0.00        92
        PRON       0.75      0.81      0.78       694
       PROPN       0.00      0.00      0.00         0
       PUNCT       0.90      1.00      0.95       249
       SCONJ       0.00      0.00      0.00         0
         SYM       0.00      0.00      0.00         0
        VERB       0.85      0.72      0.78       961
           X       0.13      0.04      0.06        50

    accuracy                           0.69      4497
   macro avg       0.37      0.34      0.34      4497
weighted avg       0.72      0.69      0.70      4497

